58 60 65  4 91
73 31 80 83 44
98 47 33 21 25
76  6 41 94 50
55 30 52 11 36

 8 27 21 18 94
59  3 47  1 64
67 16 90 20 83
26 43 87 82  4
19 93 89 48 72

28 31 21 56 35
63 98 25 65 61
46 11 91 24 34
76 22 15  0 87
83 80 39 12 71

48  9 95 18 12
67 20 40 29 51
 0 85 21 69 89
71 81 97 64 13
75 24 65 50 56

 1 27 24 93 42
47 71 21 91 88
39  7 65 64 51
28 16 15 25 56
48 23 32 20 22

26 37 62 13 82
53 54 16 50 75
42 18 51 64 60
25 47 71 38 77
27 57 29 76 40

97 20 68 90 70
42 96 62 49 27
56 67 12 13 94
71 35 31 54 17
73  3  5 23 19

43 93 19  7 80
88 37 51 49 58
29 97 17 94 65
61 22 75 98 85
28 73 84 47  1

96 99 82  7 91
43 32 48 39 60
49 51 15 30 11
16 72 52 69 18
79 95 41 68 59

90  3 81 44 99
 9 40 94 19 37
41 52 43 83 46
 2 42 26 24 70
49 74 34 66 77

59 83 91 44  0
62 85 69 18  8
74  5 94 48 32
50 46 25  6 96
87 41 75 22 31

36 61 69 96 87
77 60 49 32 45
92 97 34 21 70
31 62  6 63  2
56 93 26 54 85

30 96 54 85 82
29 92  1 74 42
63 26 65 34 98
87 91  6 53 64
62 45 13 50 56

 3 67 61 56 23
34 48 39 76 37
44 83 35 72 29
70 45 55 47  4
31 92  6 99 59

 9 42 99 80 14
81 57 72 63 18
19 67 25 90 58
 0  4 51 52 69
93 60 73 28 23

 5 27 68 24 35
69 67 49  1 79
73 64  4 42 32
55 74 44 90 45
92 43 33  2  3

 7 45 24 51 33
71 66  6 13 23
77 55 76 48 44
39 70 43 36 32
88  5 69 47 92

45 40  5 93 80
64 37 10 35  4
11  6 75 30 38
74 44 26 90 99
 1 81  8 50 32

92 71 59 47 32
45 65 68 55 28
99 88 17 36 82
16 22 61 48 93
29  5 69 24 51

88 85 54 41 92
10 67 40  4 30
29 45 32 47 51
96 81 94 58 34
39 72  7 46 98

52 33 11 60 69
19  9 88 93 75
82 45 72 48 44
85 61 87 79 26
71 80 21  0  3

60  1 57 93 81
17 32 61 21  4
76 24 46 98 33
 9 84 91  6 23
 5 59 52 96 54

22 35 20 41  4
57  8  9 97 10
19 25 12 65 53
 5 50 91 32 23
58 96 15  7 78

90 78 31 47 88
81 56 55 95 10
60 42 68 34 57
53 64 85 50 35
48 16 89 93 77

64  4  0  7 16
58 50 37 98 34
85 71 75 22 57
81 91  6 86 19
61 63 95 40  3

66 88 55  0 32
68  9 98 73 36
15 45 39 67  6
91 11 79 23 84
12 80 62 14 17

79 31 43 75 97
54 78 87 60 99
41 34 32 61 26
44 37 20 12 18
16 73 10 71 22

92 83 15 36 27
28 21 35 42 18
60 87 41 38 95
45 10 70  5 80
11 30 56 17 61

63 25 57 42 14
24 71  2 11 93
56 73 16 47 28
87 64  8 27 83
21 50 78 48 62

18 29 90  1 16
39 72 21 88 55
19 13 69 83 71
 7 97 43 58 61
23 96  9 33 81

36 13 32  1 11
57 17 91 76 72
29 83 35 68 90
87 12 39 19  0
99 31 16 25 43

 5 52 64 73 40
 0  1 51  3 14
61 91 55 30 88
33 83 31 13 71
24 97 36 19 53

81 15 67 72 78
20 21 40 96 37
13  5 33 83 66
22 61 91 56 84
35 86 75 41 46

28 29 73 84 26
42 54  3 15 12
34 16 62 91 30
53 13  5 46 55
67 18  1 59 24

16 39 26 11 67
36 20 62 27 78
85 25  9 87 66
 6 70 60 98 59
94 46 17 81 10

35 86 49 59 38
88 54 68 17 87
10  9 90 30 62
82 20 32 77 76
81 83 79  0 67

26  9 63 23 45
22 44 36 60  4
84 91 54  6 78
94  2 62 61 31
52 88 42 21 29

 1 32 44  0  9
13 36 26  6 17
50 74 14 51 88
25 10 73 43 16
47 68 34  2 81

74 67 38 24 32
46 53 63 18 82
33 41 48 90  5
56  3 20 99 17
96 94 59 21 87

49 72 39 25 62
59 99 27 53 98
33 46 92 38  8
18 82 90 70 20
 3  2 54  0 75

54 34 45  0 19
95 11 27 62 50
 3 77 79 17 81
74 57 40 83 47
88 72 39 92 16

65  1 91 71 67
81 23 34 48 90
28 92 84 11  3
 5  8 61 16 76
83 46 24 55 82

42 87 55 23 59
79 54 81 48 95
61 16 44 13 91
53 98 72 30 88
65 69 83 36 64

45 80 47 27 78
54 36 16 75  1
17 26 68 28 39
43 87 49  0 89
56 24  7 85 92

18 50 95 70 49
44 47 69 92 54
96 28 79 67 16
13 31 29 98 14
53 20  5 66 25

88 33 27 97 67
20 69 22 35  0
50 73 70 52 91
71 32 48 21 65
 3  5 15 30 86

77 85 98  6 11
15 53 21 89 67
51 40 62  8 36
37 69 47 24 29
39 63 64 72 44

13  7 80 86 29
45 91 82 41 42
69 74 12 68 38
84 51  6 10 14
57 26 62 17 24

31 88 98  2 11
33 40 23 30 43
25 16 50 41 22
12 51 99  6 89
91 66 90 97 32

22 74 70 98 54
25 20 76 40 38
21 99 69 10 41
11 59 46 61 36
87 50 49 84 78

57 25 39 22 86
37  8 61 78 73
49 30 95  3 44
18  1 58 91 46
24 64 17 13 60

61 10 14 53 83
32 28 66 65 40
63 86 48 76  6
92 69 95 24 55
59 71 72 30 33

47 76 18 53 56
37 42  9 28  2
 0 80 99 48 27
79 20 15  5 54
 3  7 71 89 87

31  8 16 28 79
56 77 66 59 36
 9 99 85 57  6
67 82 73 87 91
37 52 43 58 81

 9  2 96 51 64
68 30 36  3 66
33 57 41 83 52
90 84 54 20 56
14 88 62 76 38

17 86 75 54  5
13 59 68 87 74
44 62 31 57 98
 7 24 36 71 76
69 23 19 70 73

55 40  1 98 24
85 29 39 72  3
80 28 94 67 65
14 70 49 97 90
11  2 74 44 48

49 91 63 99 67
 1 69 29 22 81
58 77 62 74 16
 9 68 38  6 78
72 24 94 64 76

94 98 58 41 63
77 76 73 62 49
74 38 87 92 46
83 89 48  5 15
26 19  8 44 56

72 21 44 61 99
84  8 66 69 32
12 38 57 86 37
87 74 41  3 91
90 78 45 89 49

22 85 17 59  8
99 43 79 65 84
56 36 66 78 57
50 10 39 67 69
12 14 34 68 23

 2  8 58 29 89
53 54 69 19 48
22 52 35 36  6
26 46 44 15 61
21 71 63 83 99

84 25 24 59 95
49 29 26 17 58
39 51 15 72 21
 1 13 35 85 11
 4 91 18 89 53

49 76 48 58 19
32 11 53 24 67
64 12  3 45 31
 6 75 44 46 80
59 90 42 39 83

71 25 59 18 12
54 10 77 52 13
42 68 28 17 37
33 82 47 22 24
38 14 79 41 84

81 56 34 28 71
83 27 14 16 30
63 26  6 45 29
86 53 60 50 15
 8 43  7 44 91

32 30 59 58 55
76 24  8 79  0
35 14 46 16 99
20 19 98  4 94
74 85 51 31 17

32 37 22 91 52
 1 20 88 17 86
64 61 34 23 79
28 42  5 67 72
 4 94 13 74 14

11 62 72 23 45
60 65 56 81 29
83 64 73 61  1
57 77  2 30  9
10 39 50 28 88

50 17 65 72 16
24 86 42 39 68
20 84 27 98 12
57 41  1 63 32
94 22 38 81 18

45 51 38 88 94
21 24 44 74 63
29 19 26 57 32
40 31 56 80 53
36 70 33 22 93

99 86 22 85 17
74 45 78 67 39
18 42 77 46 27
20 31 40  8 81
73 47 19 96 15

92 54 10 73 24
44 18 74 32 19
69  8 14 46 33
63 57 97 65  3
62 34  4 36 35

71  7  5  3 88
94 79 47 41 28
51 31 91 23 52
99 42 39 87 54
48 59 97 68  4

 9 93 86 99 26
14 83 45 43 48
84 23 17 28  4
35 79 47 75 61
54 65 59 81 42

89 99 27 58 96
23 52 50 24 70
47 83 61  5 65
40 19 66 21  0
55 10 13 81 51

26 30 33  1 57
41 60 44 96 70
72 29 24  0 62
76 69 16 21 93
52 48 79 84 14

65 36 74 22 80
21 69 47 31 61
42 50 92 27 18
12 24 91 29  6
28 73 70 76 11

60 79 47  8 30
65 50 54 56 23
14 98 33 25 76
74 71 86 37 66
72 77 85 39 53

71 56 53  3 19
88 99 40 61 37
95 87  8 78 34
54 75 57 96 12
50 98 69 58 94

16  9 85  2 87
88 98 37 13  1
27 42 15 18 22
29 58 25 99 72
38 86 78 91 92

 3 21 39 81 76
66 47 80 44 13
59  2 96 17 62
35 51  8 37 41
88 74 14 92 18

71 15 74 60 32
17 67 69 62 80
19  1 78 89 85
22 96 11  8 13
 4 86 48  0 61

22 29 68 36 55
73 62 86 31 90
 7 75 49 81 46
 9 41 83 67 51
32 24 59  5 99

84 94 25 18 57
76  6 98 79 29
42 10 71 89  5
74 78 53 85 51
64 20 49 47 37

95 22 29 37 87
13 54  0 28 74
21 50 49  8 92
81 58 34  2 43
65 19 63 52 76

15 69 67 23 21
82 84 20 83 53
49 59 86  2 31
71 89 68 40 79
76 25 42 22 13

82 11 88 77 92
48  8 61 13 64
32 72 80 67  3
52  4 25 75 94
53 20 33  6 16

41 95 57 46 17
50  3 99 74 28
97 39 73 58 70
75 35 94 51 87
12 44 43 21 71

74  0 85 48 21
42 28 16  6 53
51 25 18 72 47
83  4 37 79 29
96 39 78 44 56

45 60 35 49  4
25 94 68 34 56
54 17 61 74 50
70 48 98  5 14
15 85 21  8 22

29 33 86 96 62
 2 43 61 10 46
11 12 76 31 80
88 78 37 92 14
53 57 90 74  1

32 56 43 50 60
 0 77 72 51 37
71 40 69 97 38
65  2 67 47 81
54 79 82 84 90

82 26 28 87 93
61 33 38 89 12
25 13  5 37 35
15 67  8 94 16
95 59 64 41 70

85 22 43 18 13
64 73 96 16 84
61 44 12 37 11
47 35 80 32 14
 2 41 60 29 86

52 87 78  6 61
50 21 54  4  2
91  1 35 48 72
99 43 69 44 40
30 41 19 29 27

10 20 95 69 22
66 53 77 37 28
51 89 85 48 21
16 14 60 73 43
96 86 12 97 90

48  7 67 47 96
71 61 60 64 18
13 15 57 86 93
46 41 53 88 32
82 65 26 34 10

80 92  2 54  5
 0 17 78 81 43
33 15 51 73 61
71 31 47 38 11
52 29 23 97 14

76 52 54 92 80
74 50 11 27 78
63  9 25 38 20
 3 90 39 37 15
87 45 17 93 62

58 73 98 76 55 
60 31 47  6 30 
65 80 33 41 52 
 4 83 21 94 11 
91 44 25 50 36 

 8 59 67 26 19 
27  3 16 43 93 
21 47 90 87 89 
18  1 20 82 48 
94 64 83  4 72 

28 63 46 76 83 
31 98 11 22 80 
21 25 91 15 39 
56 65 24  0 12 
35 61 34 87 71 

48 67  0 71 75 
 9 20 85 81 24 
95 40 21 97 65 
18 29 69 64 50 
12 51 89 13 56 

 1 47 39 28 48 
27 71  7 16 23 
24 21 65 15 32 
93 91 64 25 20 
42 88 51 56 22 

26 53 42 25 27 
37 54 18 47 57 
62 16 51 71 29 
13 50 64 38 76 
82 75 60 77 40 

97 42 56 71 73 
20 96 67 35  3 
68 62 12 31  5 
90 49 13 54 23 
70 27 94 17 19 

43 88 29 61 28 
93 37 97 22 73 
19 51 17 75 84 
 7 49 94 98 47 
80 58 65 85  1 

96 43 49 16 79 
99 32 51 72 95 
82 48 15 52 41 
 7 39 30 69 68 
91 60 11 18 59 

90  9 41  2 49 
 3 40 52 42 74 
81 94 43 26 34 
44 19 83 24 66 
99 37 46 70 77 

59 62 74 50 87 
83 85  5 46 41 
91 69 94 25 75 
44 18 48  6 22 
 0  8 32 96 31 

36 77 92 31 56 
61 60 97 62 93 
69 49 34  6 26 
96 32 21 63 54 
87 45 70  2 85 

30 29 63 87 62 
96 92 26 91 45 
54  1 65  6 13 
85 74 34 53 50 
82 42 98 64 56 

 3 34 44 70 31 
67 48 83 45 92 
61 39 35 55  6 
56 76 72 47 99 
23 37 29  4 59 

 9 81 19  0 93 
42 57 67  4 60 
99 72 25 51 73 
80 63 90 52 28 
14 18 58 69 23 

 5 69 73 55 92 
27 67 64 74 43 
68 49  4 44 33 
24  1 42 90  2 
35 79 32 45  3 

 7 71 77 39 88 
45 66 55 70  5 
24  6 76 43 69 
51 13 48 36 47 
33 23 44 32 92 

45 64 11 74  1 
40 37  6 44 81 
 5 10 75 26  8 
93 35 30 90 50 
80  4 38 99 32 

92 45 99 16 29 
71 65 88 22  5 
59 68 17 61 69 
47 55 36 48 24 
32 28 82 93 51 

88 10 29 96 39 
85 67 45 81 72 
54 40 32 94  7 
41  4 47 58 46 
92 30 51 34 98 

52 19 82 85 71 
33  9 45 61 80 
11 88 72 87 21 
60 93 48 79  0 
69 75 44 26  3 

60 17 76  9  5 
 1 32 24 84 59 
57 61 46 91 52 
93 21 98  6 96 
81  4 33 23 54 

22 57 19  5 58 
35  8 25 50 96 
20  9 12 91 15 
41 97 65 32  7 
 4 10 53 23 78 

90 81 60 53 48 
78 56 42 64 16 
31 55 68 85 89 
47 95 34 50 93 
88 10 57 35 77 

64 58 85 81 61 
 4 50 71 91 63 
 0 37 75  6 95 
 7 98 22 86 40 
16 34 57 19  3 

66 68 15 91 12 
88  9 45 11 80 
55 98 39 79 62 
 0 73 67 23 14 
32 36  6 84 17 

79 54 41 44 16 
31 78 34 37 73 
43 87 32 20 10 
75 60 61 12 71 
97 99 26 18 22 

92 28 60 45 11 
83 21 87 10 30 
15 35 41 70 56 
36 42 38  5 17 
27 18 95 80 61 

63 24 56 87 21 
25 71 73 64 50 
57  2 16  8 78 
42 11 47 27 48 
14 93 28 83 62 

18 39 19  7 23 
29 72 13 97 96 
90 21 69 43  9 
 1 88 83 58 33 
16 55 71 61 81 

36 57 29 87 99 
13 17 83 12 31 
32 91 35 39 16 
 1 76 68 19 25 
11 72 90  0 43 

 5  0 61 33 24 
52  1 91 83 97 
64 51 55 31 36 
73  3 30 13 19 
40 14 88 71 53 

81 20 13 22 35 
15 21  5 61 86 
67 40 33 91 75 
72 96 83 56 41 
78 37 66 84 46 

28 42 34 53 67 
29 54 16 13 18 
73  3 62  5  1 
84 15 91 46 59 
26 12 30 55 24 

16 36 85  6 94 
39 20 25 70 46 
26 62  9 60 17 
11 27 87 98 81 
67 78 66 59 10 

35 88 10 82 81 
86 54  9 20 83 
49 68 90 32 79 
59 17 30 77  0 
38 87 62 76 67 

26 22 84 94 52 
 9 44 91  2 88 
63 36 54 62 42 
23 60  6 61 21 
45  4 78 31 29 

 1 13 50 25 47 
32 36 74 10 68 
44 26 14 73 34 
 0  6 51 43  2 
 9 17 88 16 81 

74 46 33 56 96 
67 53 41  3 94 
38 63 48 20 59 
24 18 90 99 21 
32 82  5 17 87 

49 59 33 18  3 
72 99 46 82  2 
39 27 92 90 54 
25 53 38 70  0 
62 98  8 20 75 

54 95  3 74 88 
34 11 77 57 72 
45 27 79 40 39 
 0 62 17 83 92 
19 50 81 47 16 

65 81 28  5 83 
 1 23 92  8 46 
91 34 84 61 24 
71 48 11 16 55 
67 90  3 76 82 

42 79 61 53 65 
87 54 16 98 69 
55 81 44 72 83 
23 48 13 30 36 
59 95 91 88 64 

45 54 17 43 56 
80 36 26 87 24 
47 16 68 49  7 
27 75 28  0 85 
78  1 39 89 92 

18 44 96 13 53 
50 47 28 31 20 
95 69 79 29  5 
70 92 67 98 66 
49 54 16 14 25 

88 20 50 71  3 
33 69 73 32  5 
27 22 70 48 15 
97 35 52 21 30 
67  0 91 65 86 

77 15 51 37 39 
85 53 40 69 63 
98 21 62 47 64 
 6 89  8 24 72 
11 67 36 29 44 

13 45 69 84 57 
 7 91 74 51 26 
80 82 12  6 62 
86 41 68 10 17 
29 42 38 14 24 

31 33 25 12 91 
88 40 16 51 66 
98 23 50 99 90 
 2 30 41  6 97 
11 43 22 89 32 

22 25 21 11 87 
74 20 99 59 50 
70 76 69 46 49 
98 40 10 61 84 
54 38 41 36 78 

57 37 49 18 24 
25  8 30  1 64 
39 61 95 58 17 
22 78  3 91 13 
86 73 44 46 60 

61 32 63 92 59 
10 28 86 69 71 
14 66 48 95 72 
53 65 76 24 30 
83 40  6 55 33 

47 37  0 79  3 
76 42 80 20  7 
18  9 99 15 71 
53 28 48  5 89 
56  2 27 54 87 

31 56  9 67 37 
 8 77 99 82 52 
16 66 85 73 43 
28 59 57 87 58 
79 36  6 91 81 

 9 68 33 90 14 
 2 30 57 84 88 
96 36 41 54 62 
51  3 83 20 76 
64 66 52 56 38 

17 13 44  7 69 
86 59 62 24 23 
75 68 31 36 19 
54 87 57 71 70 
 5 74 98 76 73 

55 85 80 14 11 
40 29 28 70  2 
 1 39 94 49 74 
98 72 67 97 44 
24  3 65 90 48 

49  1 58  9 72 
91 69 77 68 24 
63 29 62 38 94 
99 22 74  6 64 
67 81 16 78 76 

94 77 74 83 26 
98 76 38 89 19 
58 73 87 48  8 
41 62 92  5 44 
63 49 46 15 56 

72 84 12 87 90 
21  8 38 74 78 
44 66 57 41 45 
61 69 86  3 89 
99 32 37 91 49 

22 99 56 50 12 
85 43 36 10 14 
17 79 66 39 34 
59 65 78 67 68 
 8 84 57 69 23 

 2 53 22 26 21 
 8 54 52 46 71 
58 69 35 44 63 
29 19 36 15 83 
89 48  6 61 99 

84 49 39  1  4 
25 29 51 13 91 
24 26 15 35 18 
59 17 72 85 89 
95 58 21 11 53 

49 32 64  6 59 
76 11 12 75 90 
48 53  3 44 42 
58 24 45 46 39 
19 67 31 80 83 

71 54 42 33 38 
25 10 68 82 14 
59 77 28 47 79 
18 52 17 22 41 
12 13 37 24 84 

81 83 63 86  8 
56 27 26 53 43 
34 14  6 60  7 
28 16 45 50 44 
71 30 29 15 91 

32 76 35 20 74 
30 24 14 19 85 
59  8 46 98 51 
58 79 16  4 31 
55  0 99 94 17 

32  1 64 28  4 
37 20 61 42 94 
22 88 34  5 13 
91 17 23 67 74 
52 86 79 72 14 

11 60 83 57 10 
62 65 64 77 39 
72 56 73  2 50 
23 81 61 30 28 
45 29  1  9 88 

50 24 20 57 94 
17 86 84 41 22 
65 42 27  1 38 
72 39 98 63 81 
16 68 12 32 18 

45 21 29 40 36 
51 24 19 31 70 
38 44 26 56 33 
88 74 57 80 22 
94 63 32 53 93 

99 74 18 20 73 
86 45 42 31 47 
22 78 77 40 19 
85 67 46  8 96 
17 39 27 81 15 

92 44 69 63 62 
54 18  8 57 34 
10 74 14 97  4 
73 32 46 65 36 
24 19 33  3 35 

71 94 51 99 48 
 7 79 31 42 59 
 5 47 91 39 97 
 3 41 23 87 68 
88 28 52 54  4 

 9 14 84 35 54 
93 83 23 79 65 
86 45 17 47 59 
99 43 28 75 81 
26 48  4 61 42 

89 23 47 40 55 
99 52 83 19 10 
27 50 61 66 13 
58 24  5 21 81 
96 70 65  0 51 

26 41 72 76 52 
30 60 29 69 48 
33 44 24 16 79 
 1 96  0 21 84 
57 70 62 93 14 

65 21 42 12 28 
36 69 50 24 73 
74 47 92 91 70 
22 31 27 29 76 
80 61 18  6 11 

60 65 14 74 72 
79 50 98 71 77 
47 54 33 86 85 
 8 56 25 37 39 
30 23 76 66 53 

71 88 95 54 50 
56 99 87 75 98 
53 40  8 57 69 
 3 61 78 96 58 
19 37 34 12 94 

16 88 27 29 38 
 9 98 42 58 86 
85 37 15 25 78 
 2 13 18 99 91 
87  1 22 72 92 

 3 66 59 35 88 
21 47  2 51 74 
39 80 96  8 14 
81 44 17 37 92 
76 13 62 41 18 

71 17 19 22  4 
15 67  1 96 86 
74 69 78 11 48 
60 62 89  8  0 
32 80 85 13 61 

22 73  7  9 32 
29 62 75 41 24 
68 86 49 83 59 
36 31 81 67  5 
55 90 46 51 99 

84 76 42 74 64 
94  6 10 78 20 
25 98 71 53 49 
18 79 89 85 47 
57 29  5 51 37 

95 13 21 81 65 
22 54 50 58 19 
29  0 49 34 63 
37 28  8  2 52 
87 74 92 43 76 

15 82 49 71 76 
69 84 59 89 25 
67 20 86 68 42 
23 83  2 40 22 
21 53 31 79 13 

82 48 32 52 53 
11  8 72  4 20 
88 61 80 25 33 
77 13 67 75  6 
92 64  3 94 16 

41 50 97 75 12 
95  3 39 35 44 
57 99 73 94 43 
46 74 58 51 21 
17 28 70 87 71 

74 42 51 83 96 
 0 28 25  4 39 
85 16 18 37 78 
48  6 72 79 44 
21 53 47 29 56 

45 25 54 70 15 
60 94 17 48 85 
35 68 61 98 21 
49 34 74  5  8 
 4 56 50 14 22 

29  2 11 88 53 
33 43 12 78 57 
86 61 76 37 90 
96 10 31 92 74 
62 46 80 14  1 

32  0 71 65 54 
56 77 40  2 79 
43 72 69 67 82 
50 51 97 47 84 
60 37 38 81 90 

82 61 25 15 95 
26 33 13 67 59 
28 38  5  8 64 
87 89 37 94 41 
93 12 35 16 70 

85 64 61 47  2 
22 73 44 35 41 
43 96 12 80 60 
18 16 37 32 29 
13 84 11 14 86 

52 50 91 99 30 
87 21  1 43 41 
78 54 35 69 19 
 6  4 48 44 29 
61  2 72 40 27 

10 66 51 16 96 
20 53 89 14 86 
95 77 85 60 12 
69 37 48 73 97 
22 28 21 43 90 

48 71 13 46 82 
 7 61 15 41 65 
67 60 57 53 26 
47 64 86 88 34 
96 18 93 32 10 

80  0 33 71 52 
92 17 15 31 29 
 2 78 51 47 23 
54 81 73 38 97 
 5 43 61 11 14 

76 74 63  3 87
52 50  9 90 45
54 11 25 39 17
92 27 38 37 93
80 78 20 15 62




















